[MAIN]
elementnum=1
[0]
color=255,255,255,255
elementtype=10000
event=null
groundoffset=2047.94,3380.13,0
groupfile=null
groupid=0
id=0
kind=“ª∞„¿‡–Õ
mapedit=0
obstacletype=4
pointarray=(-0.241211,-0.416016,0,) (0.443481,0.072266,0,) (1.38562,-1.08911,0,) (0.789795,-1.82642,0,) (-0.241211,-0.416016,0,) 
pointnum=5
radius=0.2
regionoffset=-0.0571289,20.127,0
template=null
templateindex=0
