[MAIN]
elementnum=3
[0]
color=255,255,255,255
elementtype=10000
event=null
groundoffset=1774.12,3839.96,0
groupfile=null
groupid=0
id=0
kind=一般类型
mapedit=0
obstacletype=1
pointarray=(0.555176,-1.87964,0,) (0.079468,-0.996582,0,) (0.657471,-0.585694,0,) (0.773316,-1.17285,0,) (0.555176,-1.87964,0,) 
pointnum=5
radius=0.2
regionoffset=14.1241,31.959,0
template=null
templateindex=0
[1]
color=255,255,255,255
elementtype=10000
event=null
groundoffset=1773.14,3839.41,0
groupfile=null
groupid=0
id=0
kind=一般类型
mapedit=0
obstacletype=1
pointarray=(0.531372,-0.482422,0,) (0.519531,-1.31396,0,) (0.898437,-1.31396,0,) (0.531372,-0.482422,0,) 
pointnum=4
radius=0.2
regionoffset=13.1421,31.4121,0
template=null
templateindex=0
[2]
color=255,255,255,255
elementtype=10000
event=null
groundoffset=1770.35,3813.16,0
groupfile=null
groupid=0
id=0
kind=一般类型
mapedit=0
obstacletype=1
pointarray=(3.72559,-7.79639,0,) (4.20068,-7.54175,0,) (4.83887,-6.59009,0,) (4.85071,-5.32861,0,) (4.64185,-4.32544,0,) (4.30908,-3.38989,0,) (4.03992,-2.45923,0,) (3.1134,-2.1499,0,) (2.41223,-1.40991,0,) (1.47241,-2.02637,0,) (0.58374,-3.01709,0,) (-0.140991,-3.45215,0,) (0.393555,-4.63818,0,) (0.617188,-5.89502,0,) (1.10596,-6.52685,0,) (1.72778,-6.84326,0,) (2.33362,-6.27393,0,) (2.96521,-5.95825,0,) (3.72559,-7.79639,0,) 
pointnum=19
radius=0.2
regionoffset=10.3485,5.15625,0
template=null
templateindex=0
