[MAIN]
elementnum=1
[0]
color=255,255,255,255
elementtype=10000
event=null
groundoffset=2042.85,3520.14,0
groupfile=null
groupid=0
id=0
kind=“ª∞„¿‡–Õ
mapedit=0
obstacletype=1
pointarray=(0.489258,-1.69287,0,) (0.55835,-0.604248,0,) (0.335816,-0.923828,0,) (0.335816,-0.923828,0,) (0.651245,-0.923828,0,) 
pointnum=5
radius=0.2
regionoffset=10.8544,32.1445,0
template=null
templateindex=0
