[MAIN]
elementnum=1
[0]
color=255,255,255,255
elementtype=10000
event=null
groundoffset=1813.19,3584.13,0
groupfile=null
groupid=0
id=0
kind=“ª∞„¿‡–Õ
mapedit=0
obstacletype=1
pointarray=(0.531372,-0.482422,0,) (0.519531,-1.31396,0,) (0.898437,-1.31396,0,) (0.531372,-0.482422,0,) 
pointnum=4
radius=0.2
regionoffset=5.18518,32.1294,0
template=null
templateindex=0
