[MAIN]
elementnum=3
[0]
color=255,255,255,255
elementtype=10000
event=null
groundoffset=1860.42,3730.76,0
groupfile=null
groupid=0
id=0
kind=一般类型
mapedit=0
obstacletype=1
pointarray=(0.555176,-1.87964,0,) (0.079468,-0.996582,0,) (0.657471,-0.585694,0,) (0.773316,-1.17285,0,) (0.555176,-1.87964,0,) 
pointnum=5
radius=0.2
regionoffset=4.41943,18.7607,0
template=null
templateindex=0
[1]
color=255,255,255,255
elementtype=10000
event=null
groundoffset=1860.04,3731.9,0
groupfile=null
groupid=0
id=0
kind=一般类型
mapedit=0
obstacletype=1
pointarray=(0.531372,-0.482422,0,) (0.519531,-1.31396,0,) (0.898437,-1.31396,0,) (0.531372,-0.482422,0,) 
pointnum=4
radius=0.2
regionoffset=4.04443,19.9038,0
template=null
templateindex=0
[2]
color=255,255,255,255
elementtype=10000
event=null
groundoffset=1854.75,3749.2,0
groupfile=null
groupid=0
id=0
kind=一般类型
mapedit=0
obstacletype=1
pointarray=(4.02808,-8.73145,0,) (8.67896,-4.31348,0,) (12.9487,-7.92602,0,) (14.4026,-7.00073,0,) (15.0261,-7.80225,0,) (14.1973,-10.1028,0,) (11.725,-12.6226,0,) (9.06519,-14.7271,0,) (4.02808,-8.73145,0,) 
pointnum=9
radius=0.2
regionoffset=-1.2522,37.2031,0
template=null
templateindex=0
