[MAIN]
elementnum=2
[0]
color=255,255,255,255
elementtype=10000
event=null
groundoffset=2115.22,3369.68,0
groupfile=null
groupid=0
id=0
kind=一般类型
mapedit=0
obstacletype=1
pointarray=(0.531372,-0.482422,0,) (0.519531,-1.31396,0,) (0.898437,-1.31396,0,) (0.531372,-0.482422,0,) 
pointnum=4
radius=0.2
regionoffset=3.21729,9.67529,0
template=null
templateindex=0
[1]
color=255,255,255,255
elementtype=10000
event=null
groundoffset=2110.21,3387.66,0
groupfile=null
groupid=0
id=0
kind=一般类型
mapedit=0
obstacletype=1
pointarray=(4.02808,-8.73145,0,) (8.67896,-4.31348,0,) (12.9487,-7.92602,0,) (14.4026,-7.00073,0,) (15.0261,-7.80225,0,) (14.1973,-10.1028,0,) (11.725,-12.6226,0,) (9.06519,-14.7271,0,) (4.02808,-8.73145,0,) 
pointnum=9
radius=0.2
regionoffset=-1.79248,27.6567,0
template=null
templateindex=0
