[MAIN]
elementnum=1
[0]
color=255,255,255,255
elementtype=10000
event=null
groundoffset=1586.73,4154.63,0
groupfile=null
groupid=0
id=0
kind=“ª∞„¿‡–Õ
mapedit=0
obstacletype=1
pointarray=(0.045044,-3.83643,0,) (4.94556,-8.45752,0,) (8.13525,-5.15405,0,) (3.57983,-0.183838,0,) (0.045044,-3.83643,0,) 
pointnum=5
radius=0.2
regionoffset=2.73352,26.6343,0
template=null
templateindex=0
