[MAIN]
elementnum=2
[0]
color=255,255,255,255
elementtype=10000
event=null
groundoffset=1790.65,3795.66,0
groupfile=null
groupid=0
id=0
kind=一般类型
mapedit=0
obstacletype=1
pointarray=(0.555176,-1.87964,0,) (0.079468,-0.996582,0,) (0.657471,-0.585694,0,) (0.773316,-1.17285,0,) (0.555176,-1.87964,0,) 
pointnum=5
radius=0.2
regionoffset=14.6504,19.6563,0
template=null
templateindex=0
[1]
color=255,255,255,255
elementtype=10000
event=null
groundoffset=1789.85,3796.56,0
groupfile=null
groupid=0
id=0
kind=一般类型
mapedit=0
obstacletype=1
pointarray=(0.531372,-0.482422,0,) (0.519531,-1.31396,0,) (0.898437,-1.31396,0,) (0.531372,-0.482422,0,) 
pointnum=4
radius=0.2
regionoffset=13.8468,20.5625,0
template=null
templateindex=0
