[MAIN]
elementnum=1
[0]
color=255,255,255,255
elementtype=10000
event=null
groundoffset=2095.86,3404.24,0
groupfile=null
groupid=0
id=0
kind=“ª∞„¿‡–Õ
mapedit=0
obstacletype=1
pointarray=(-0.190186,-1.84058,0,) (1.74487,0.297852,0,) (2.52148,-0.798828,0,) (3.57251,-2.39453,0,) (3.38,-2.76489,0,) (4.2052,-3.50757,0,) (3.35742,-4.0044,0,) (2.04834,-4.12891,0,) (1.44702,-4.56494,0,) (-0.178101,-2.51807,0,) (-0.190186,-1.84058,0,) 
pointnum=11
radius=0.2
regionoffset=-0.140625,12.2446,0
template=null
templateindex=0
