[MAIN]
elementnum=3
[0]
color=255,255,255,255
elementtype=10000
event=null
groundoffset=1976.47,3489.23,0
groupfile=null
groupid=0
id=0
kind=一般类型
mapedit=0
obstacletype=1
pointarray=(0.555176,-1.87964,0,) (0.079468,-0.996582,0,) (0.657471,-0.585694,0,) (0.773316,-1.17285,0,) (0.555176,-1.87964,0,) 
pointnum=5
radius=0.2
regionoffset=8.47388,1.23438,0
template=null
templateindex=0
[1]
color=255,255,255,255
elementtype=10000
event=null
groundoffset=1976.42,3490.59,0
groupfile=null
groupid=0
id=0
kind=一般类型
mapedit=0
obstacletype=1
pointarray=(0.489258,-1.69287,0,) (0.55835,-0.604248,0,) (0.335816,-0.923828,0,) (0.335816,-0.923828,0,) (0.651245,-0.923828,0,) 
pointnum=5
radius=0.2
regionoffset=8.41711,2.59375,0
template=null
templateindex=0
[2]
color=255,255,255,255
elementtype=10000
event=null
groundoffset=1979.71,3490.25,0
groupfile=null
groupid=0
id=0
kind=一般类型
mapedit=0
obstacletype=1
pointarray=(0.555176,-1.87964,0,) (0.079468,-0.996582,0,) (0.657471,-0.585694,0,) (0.773316,-1.17285,0,) (0.555176,-1.87964,0,) 
pointnum=5
radius=0.2
regionoffset=11.7123,2.25,0
template=null
templateindex=0
