[MAIN]
elementnum=1
[0]
color=255,255,255,255
elementtype=10000
event=null
groundoffset=2058.34,3394.11,0
groupfile=null
groupid=0
id=0
kind=“ª∞„¿‡–Õ
mapedit=0
obstacletype=4
pointarray=(-0.113525,-0.875977,0,) (0.845337,0.158936,0,) (1.42847,-0.266602,0,) (1.15015,-0.814941,0,) (0.313477,-1.79419,0,) (-0.241089,-1.54883,0,) (-0.113525,-0.875977,0,) 
pointnum=7
radius=0.2
regionoffset=10.344,2.1123,0
template=null
templateindex=0
