[MAIN]
elementnum=3
[0]
color=255,255,255,255
elementtype=10000
event=null
groundoffset=1801.44,3673.69,0
groupfile=null
groupid=0
id=0
kind=一般类型
mapedit=0
obstacletype=1
pointarray=(4.02808,-8.73145,0,) (8.67896,-4.31348,0,) (12.9487,-7.92602,0,) (14.4026,-7.00073,0,) (15.0261,-7.80225,0,) (14.1973,-10.1028,0,) (11.725,-12.6226,0,) (9.06519,-14.7271,0,) (4.02808,-8.73145,0,) 
pointnum=9
radius=0.2
regionoffset=-6.55664,25.6907,0
template=null
templateindex=0
[1]
color=255,255,255,255
elementtype=10000
event=null
groundoffset=1808.98,3674.33,0
groupfile=null
groupid=0
id=0
kind=一般类型
mapedit=0
obstacletype=1
pointarray=(0.555176,-1.87964,0,) (0.079468,-0.996582,0,) (0.657471,-0.585694,0,) (0.773316,-1.17285,0,) (0.555176,-1.87964,0,) 
pointnum=5
radius=0.2
regionoffset=0.981812,26.3308,0
template=null
templateindex=0
[2]
color=255,255,255,255
elementtype=10000
event=null
groundoffset=1809.02,3675.5,0
groupfile=null
groupid=0
id=0
kind=一般类型
mapedit=0
obstacletype=1
pointarray=(0.489258,-1.69287,0,) (0.55835,-0.604248,0,) (0.335816,-0.923828,0,) (0.335816,-0.923828,0,) (0.651245,-0.923828,0,) 
pointnum=5
radius=0.2
regionoffset=1.01843,27.5015,0
template=null
templateindex=0
