[MAIN]
elementnum=3
[0]
color=255,255,255,255
elementtype=10000
event=null
groundoffset=1651.84,3926.7,0
groupfile=null
groupid=0
id=0
kind=一般类型
mapedit=0
obstacletype=1
pointarray=(3.72559,-7.79639,0,) (4.20068,-7.54175,0,) (4.83887,-6.59009,0,) (4.85071,-5.32861,0,) (4.64185,-4.32544,0,) (4.30908,-3.38989,0,) (4.03992,-2.45923,0,) (3.1134,-2.1499,0,) (2.41223,-1.40991,0,) (1.47241,-2.02637,0,) (0.58374,-3.01709,0,) (-0.140991,-3.45215,0,) (0.393555,-4.63818,0,) (0.617188,-5.89502,0,) (1.10596,-6.52685,0,) (1.72778,-6.84326,0,) (2.33362,-6.27393,0,) (2.96521,-5.95825,0,) (3.72559,-7.79639,0,) 
pointnum=19
radius=0.2
regionoffset=3.84131,22.6973,0
template=null
templateindex=0
[1]
color=255,255,255,255
elementtype=10000
event=null
groundoffset=1647.81,3910.77,0
groupfile=null
groupid=0
id=0
kind=一般类型
mapedit=0
obstacletype=1
pointarray=(0.555176,-1.87964,0,) (0.079468,-0.996582,0,) (0.657471,-0.585694,0,) (0.773316,-1.17285,0,) (0.555176,-1.87964,0,) 
pointnum=5
radius=0.2
regionoffset=-0.189941,6.76563,0
template=null
templateindex=0
[2]
color=255,255,255,255
elementtype=10000
event=null
groundoffset=1648,3912.14,0
groupfile=null
groupid=0
id=0
kind=一般类型
mapedit=0
obstacletype=1
pointarray=(0.489258,-1.69287,0,) (0.55835,-0.604248,0,) (0.335816,-0.923828,0,) (0.335816,-0.923828,0,) (0.651245,-0.923828,0,) 
pointnum=5
radius=0.2
regionoffset=-0.00244141,8.14063,0
template=null
templateindex=0
