[MAIN]
elementnum=3
[0]
color=255,255,255,255
elementtype=10000
event=null
groundoffset=1860.15,3606.25,0
groupfile=null
groupid=0
id=0
kind=一般类型
mapedit=0
obstacletype=1
pointarray=(0.045044,-3.83643,0,) (4.94556,-8.45752,0,) (8.13525,-5.15405,0,) (3.57983,-0.183838,0,) (0.045044,-3.83643,0,) 
pointnum=5
radius=0.2
regionoffset=4.15479,22.25,0
template=null
templateindex=0
[1]
color=255,255,255,255
elementtype=10000
event=null
groundoffset=1855.57,3602.42,0
groupfile=null
groupid=0
id=0
kind=一般类型
mapedit=0
obstacletype=1
pointarray=(0.489258,-1.69287,0,) (0.55835,-0.604248,0,) (0.335816,-0.923828,0,) (0.335816,-0.923828,0,) (0.651245,-0.923828,0,) 
pointnum=5
radius=0.2
regionoffset=-0.430786,18.4219,0
template=null
templateindex=0
[2]
color=255,255,255,255
elementtype=10000
event=null
groundoffset=1857.38,3600.13,0
groupfile=null
groupid=0
id=0
kind=一般类型
mapedit=0
obstacletype=1
pointarray=(0.555176,-1.87964,0,) (0.079468,-0.996582,0,) (0.657471,-0.585694,0,) (0.773316,-1.17285,0,) (0.555176,-1.87964,0,) 
pointnum=5
radius=0.2
regionoffset=1.37842,16.125,0
template=null
templateindex=0
