[MAIN]
elementnum=3
[0]
color=255,255,255,255
elementtype=10000
event=null
groundoffset=1684.76,4018.38,0
groupfile=null
groupid=0
id=0
kind=一般类型
mapedit=0
obstacletype=1
pointarray=(0.531372,-0.482422,0,) (0.519531,-1.31396,0,) (0.898437,-1.31396,0,) (0.531372,-0.482422,0,) 
pointnum=4
radius=0.2
regionoffset=4.75842,18.3796,0
template=null
templateindex=0
[1]
color=255,255,255,255
elementtype=10000
event=null
groundoffset=1683.64,4019.18,0
groupfile=null
groupid=0
id=0
kind=一般类型
mapedit=0
obstacletype=1
pointarray=(0.555176,-1.87964,0,) (0.079468,-0.996582,0,) (0.657471,-0.585694,0,) (0.773316,-1.17285,0,) (0.555176,-1.87964,0,) 
pointnum=5
radius=0.2
regionoffset=3.64233,19.176,0
template=null
templateindex=0
[2]
color=255,255,255,255
elementtype=10000
event=null
groundoffset=1687.88,4021.76,0
groupfile=null
groupid=0
id=0
kind=一般类型
mapedit=0
obstacletype=1
pointarray=(0.531372,-0.482422,0,) (0.519531,-1.31396,0,) (0.898437,-1.31396,0,) (0.531372,-0.482422,0,) 
pointnum=4
radius=0.2
regionoffset=7.88135,21.7646,0
template=null
templateindex=0
