[MAIN]
elementnum=2
[0]
color=255,255,255,255
elementtype=10000
event=null
groundoffset=1673.99,4106.63,0
groupfile=null
groupid=0
id=0
kind=一般类型
mapedit=0
obstacletype=1
pointarray=(3.72559,-7.79639,0,) (4.20068,-7.54175,0,) (4.83887,-6.59009,0,) (4.85071,-5.32861,0,) (4.64185,-4.32544,0,) (4.30908,-3.38989,0,) (4.03992,-2.45923,0,) (3.1134,-2.1499,0,) (2.41223,-1.40991,0,) (1.47241,-2.02637,0,) (0.58374,-3.01709,0,) (-0.140991,-3.45215,0,) (0.393555,-4.63818,0,) (0.617188,-5.89502,0,) (1.10596,-6.52685,0,) (1.72778,-6.84326,0,) (2.33362,-6.27393,0,) (2.96521,-5.95825,0,) (3.72559,-7.79639,0,) 
pointnum=19
radius=0.2
regionoffset=9.99365,10.625,0
template=null
templateindex=0
[1]
color=255,255,255,255
elementtype=10000
event=null
groundoffset=1667.98,4133.69,0
groupfile=null
groupid=0
id=0
kind=一般类型
mapedit=0
obstacletype=1
pointarray=(4.02808,-8.73145,0,) (8.67896,-4.31348,0,) (12.9487,-7.92602,0,) (14.4026,-7.00073,0,) (15.0261,-7.80225,0,) (14.1973,-10.1028,0,) (11.725,-12.6226,0,) (9.06519,-14.7271,0,) (4.02808,-8.73145,0,) 
pointnum=9
radius=0.2
regionoffset=3.98291,37.6929,0
template=null
templateindex=0
