[MAIN]
elementnum=1
[0]
color=255,255,255,255
elementtype=10000
event=null
groundoffset=1516.94,4151.26,0
groupfile=null
groupid=0
id=0
kind=“ª∞„¿‡–Õ
mapedit=0
obstacletype=1
pointarray=(0.165039,-1.44751,0,) (1.71387,0.23999,0,) (7.59546,-5.92163,0,) (6.95276,-7.60425,0,) (6.71118,-9.17603,0,) (6.3053,-9.55542,0,) (6.37439,-11.0801,0,) (5.93518,-11.655,0,) (5.4303,-11.655,0,) (0.289917,-6.29419,0,) (0.165039,-1.44751,0,) 
pointnum=11
radius=0.2
regionoffset=-3.06482,23.2622,0
template=null
templateindex=0
