[MAIN]
elementnum=2
[0]
color=255,255,255,255
elementtype=10000
event=null
groundoffset=1713.16,3813.61,0
groupfile=null
groupid=0
id=0
kind=一般类型
mapedit=0
obstacletype=1
pointarray=(0.489258,-1.69287,0,) (0.55835,-0.604248,0,) (0.335816,-0.923828,0,) (0.335816,-0.923828,0,) (0.651245,-0.923828,0,) 
pointnum=5
radius=0.2
regionoffset=1.16431,5.60938,0
template=null
templateindex=0
[1]
color=255,255,255,255
elementtype=10000
event=null
groundoffset=1712.5,3831.44,0
groupfile=null
groupid=0
id=0
kind=一般类型
mapedit=0
obstacletype=1
pointarray=(3.72559,-7.79639,0,) (4.20068,-7.54175,0,) (4.83887,-6.59009,0,) (4.85071,-5.32861,0,) (4.64185,-4.32544,0,) (4.30908,-3.38989,0,) (4.03992,-2.45923,0,) (3.1134,-2.1499,0,) (2.41223,-1.40991,0,) (1.47241,-2.02637,0,) (0.58374,-3.01709,0,) (-0.140991,-3.45215,0,) (0.393555,-4.63818,0,) (0.617188,-5.89502,0,) (1.10596,-6.52685,0,) (1.72778,-6.84326,0,) (2.33362,-6.27393,0,) (2.96521,-5.95825,0,) (3.72559,-7.79639,0,) 
pointnum=19
radius=0.2
regionoffset=0.496948,23.4375,0
template=null
templateindex=0
