[MAIN]
elementnum=1
[0]
color=255,255,255,255
elementtype=10000
event=null
groundoffset=2020.93,3354.24,0
groupfile=null
groupid=0
id=0
kind=“ª∞„¿‡–Õ
mapedit=0
obstacletype=1
pointarray=(4.02808,-8.73145,0,) (8.67896,-4.31348,0,) (12.9487,-7.92602,0,) (14.4026,-7.00073,0,) (15.0261,-7.80225,0,) (14.1973,-10.1028,0,) (11.725,-12.6226,0,) (9.06519,-14.7271,0,) (4.02808,-8.73145,0,) 
pointnum=9
radius=0.2
regionoffset=4.92786,26.2424,0
template=null
templateindex=0
