[MAIN]
elementnum=1
[0]
color=255,255,255,255
elementtype=10000
event=null
groundoffset=1627.12,3901.36,0
groupfile=null
groupid=0
id=0
kind=“ª∞„¿‡–Õ
mapedit=0
obstacletype=1
pointarray=(3.72559,-7.79639,0,) (4.20068,-7.54175,0,) (4.83887,-6.59009,0,) (4.85071,-5.32861,0,) (4.64185,-4.32544,0,) (4.30908,-3.38989,0,) (4.03992,-2.45923,0,) (3.1134,-2.1499,0,) (2.41223,-1.40991,0,) (1.47241,-2.02637,0,) (0.58374,-3.01709,0,) (-0.140991,-3.45215,0,) (0.393555,-4.63818,0,) (0.617188,-5.89502,0,) (1.10596,-6.52685,0,) (1.72778,-6.84326,0,) (2.33362,-6.27393,0,) (2.96521,-5.95825,0,) (3.72559,-7.79639,0,) 
pointnum=19
radius=0.2
regionoffset=11.1237,29.3594,0
template=null
templateindex=0
